3.047821865219289350e+01
2.676988655082826881e+03
-6.667588151762477082e+02
4.500134893775567662e+02
2.304026871066890010e+02
-9.346899538230246662e-02
6.756605138992115656e+01
1.701076794729120323e+00
-1.729882812955130357e+05
4.706639243288854004e+02
-8.172206846241284666e+02
3.702545179058516078e+04
8.121068906308792634e-02
1.184932728822551340e+01
-5.278207861097627962e-02
1.508410846799530303e+00
-2.176410408750017123e+00
-1.214552797200047394e+02
7.534647982480185968e-06
-1.021016606175971508e-01
-1.082663381429776854e-03
4.952668463698747803e-01
1.746159993879946342e+02
5.431075558449630775e-04
1.196340379520516722e-01
7.238972359947957926e-04
1.672512095450884544e+03
-2.546858916826161279e-02
-2.599280325822835636e+00
1.870691187696342690e-03
-1.308593746062108876e-02
2.989114184294616727e-02
1.719020275179805601e-02
-1.854904516385924751e+01
-1.840491709252702890e+00
-1.269539328439594217e-01
