-7.566176652908325195e-01 7.059674263000488281e-01 6.054314374923706055e-01 2.511164546012878418e-01 2.331158705055713654e-02 -4.312105178833007812e-01 1.097219735383987427e-01 5.041668191552162170e-03 -1.244246244430541992e+00 -7.140756249427795410e-01
-9.844990968704223633e-01 -1.498832106590270996e-01 -8.163493275642395020e-01 -5.636300444602966309e-01 -9.958534687757492065e-02 2.473887205123901367e-01 2.807950675487518311e-01 -8.741517066955566406e-01 1.803929656744003296e-01 2.882028818130493164e-01
-1.039865374565124512e+00 -1.256510019302368164e+00 3.868965804576873779e-01 -8.056285977363586426e-01 3.036437034606933594e-01 -2.866818010807037354e-01 -1.239830181002616882e-01 -7.417519092559814453e-01 -4.288091063499450684e-01 5.615198016166687012e-01
1.379436403512954712e-01 -1.391044855117797852e+00 -5.165450572967529297e-01 5.628750920295715332e-01 -5.433146357536315918e-01 -3.037251159548759460e-02 2.745321393013000488e-01 -4.554095491766929626e-02 -9.720986336469650269e-02 -5.871893465518951416e-02
-6.819867491722106934e-01 4.103739857673645020e-01 -7.113686800003051758e-01 5.876370668411254883e-01 -6.642034053802490234e-01 2.526777684688568115e-01 2.949038147926330566e-01 -7.566797733306884766e-01 6.621751934289932251e-02 -1.549251079559326172e-01
-1.146714925765991211e+00 -7.172837853431701660e-01 -3.695542812347412109e-01 -5.967392325401306152e-01 -4.207410812377929688e-01 6.041047573089599609e-01 -9.313784837722778320e-01 -2.001937329769134521e-01 6.353361010551452637e-01 2.215355038642883301e-01
2.461326867341995239e-02 -3.557448089122772217e-01 -1.274833083152770996e-01 4.261734187602996826e-01 -7.702716588973999023e-01 1.677456498146057129e-01 1.799354255199432373e-01 -8.610982298851013184e-01 4.739070236682891846e-01 -3.742477297782897949e-01
-5.463212728500366211e-01 -2.931599617004394531e-01 5.842844247817993164e-01 1.280809380114078522e-02 -3.625918030738830566e-01 -1.261637091636657715e+00 -9.594294428825378418e-02 -5.937695503234863281e-01 5.924088954925537109e-01 6.520500183105468750e-01
3.036841154098510742e-01 3.840386867523193359e-01 3.780498206615447998e-01 -1.024304270744323730e+00 -1.436726152896881104e-01 -3.962012231349945068e-01 -2.985433042049407959e-01 -9.387779235839843750e-01 -1.360727697610855103e-01 3.966517448425292969e-01
9.029876440763473511e-02 -7.914531230926513672e-01 -5.993162989616394043e-01 3.938363194465637207e-01 1.413414180278778076e-01 4.580273330211639404e-01 -4.131863117218017578e-01 -3.029090762138366699e-01 -1.893120110034942627e-01 -2.631314657628536224e-02
-1.074509248137474060e-01 -5.751425027847290039e-01 3.152546584606170654e-01 1.233488842844963074e-01 -2.884864509105682373e-01 4.646679759025573730e-01 1.025178506970405579e-01 -1.333967924118041992e+00 -9.280804991722106934e-01 -1.106440782546997070e+00
-3.087686002254486084e-01 4.354181289672851562e-01 6.838048100471496582e-01 -1.942055821418762207e-01 -9.594367742538452148e-01 -1.354996562004089355e+00 -1.595837175846099854e-01 2.187954261898994446e-02 -3.860769569873809814e-01 2.550093233585357666e-01
5.845861434936523438e-01 -9.410415291786193848e-01 -1.802180856466293335e-01 -7.772731184959411621e-01 4.454709291458129883e-01 -4.871664047241210938e-01 -2.434783130884170532e-01 9.587246924638748169e-02 -1.010961532592773438e+00 3.647281527519226074e-01
1.030226722359657288e-01 -9.881950616836547852e-01 -4.891235232353210449e-01 1.532103121280670166e-01 -3.422929942607879639e-01 3.076924383640289307e-01 2.993828356266021729e-01 2.816027998924255371e-01 -3.994800150394439697e-02 3.793741017580032349e-02
-2.431482523679733276e-01 7.974355220794677734e-01 -1.779069900512695312e+00 -3.310231268405914307e-01 5.507580041885375977e-01 6.232846379280090332e-01 2.974160611629486084e-01 3.928352594375610352e-01 -1.355372786521911621e+00 -2.136206179857254028e-01
-1.665281802415847778e-01 -1.228528022766113281e-01 -1.271134495735168457e+00 4.630049467086791992e-01 -4.440121352672576904e-01 2.202413529157638550e-01 -6.221998333930969238e-01 8.412010967731475830e-02 3.765679597854614258e-01 -4.786316305398941040e-02
3.929414153099060059e-01 -1.363616883754730225e-01 -5.233418345451354980e-01 2.056511491537094116e-01 -2.129575759172439575e-01 -4.676524922251701355e-02 -7.200055122375488281e-01 1.569248586893081665e-01 -6.867339015007019043e-01 2.966866493225097656e-01
6.374287605285644531e-01 -1.931140869855880737e-01 -4.307459294795989990e-01 3.063129782676696777e-01 -3.020164966583251953e-01 -2.106420695781707764e-01 -1.998082548379898071e-01 2.251103818416595459e-01 1.828716322779655457e-02 -4.682045578956604004e-01
-7.520052194595336914e-01 -1.280383486300706863e-02 1.565610021352767944e-01 6.340035796165466309e-01 -2.577377557754516602e-01 -3.637234270572662354e-01 -6.123948693275451660e-01 1.678634993731975555e-02 -5.389608144760131836e-01 4.596486091613769531e-01
1.247694790363311768e-01 -2.900287695229053497e-02 4.967787116765975952e-02 -2.943933755159378052e-02 -1.171217441558837891e+00 -4.010633528232574463e-01 5.672934651374816895e-01 -1.472384810447692871e+00 6.850922703742980957e-01 -2.413938641548156738e-01
3.894074261188507080e-01 5.704635404981672764e-04 -9.345847964286804199e-01 2.817794382572174072e-01 -1.121575087308883667e-01 -2.420378327369689941e-01 1.462441533803939819e-01 -5.652732215821743011e-03 -3.020215332508087158e-01 -6.241054534912109375e-01
-2.982276976108551025e-01 1.487412452697753906e-01 1.334698945283889771e-01 -3.603026568889617920e-01 3.176412284374237061e-01 -8.707221746444702148e-01 -4.583970904350280762e-01 -2.265832275152206421e-01 5.920103192329406738e-01 3.743760585784912109e-01
-8.772328495979309082e-01 3.747029006481170654e-01 2.173322588205337524e-01 -1.467315077781677246e+00 4.515903592109680176e-01 -9.403964877128601074e-01 4.785136878490447998e-01 4.810209199786186218e-02 6.465943455696105957e-01 -1.787624508142471313e-01
1.799667328596115112e-01 5.857291817665100098e-01 -1.464285373687744141e+00 3.711468279361724854e-01 -1.568607330322265625e+00 5.962492823600769043e-01 -1.579491421580314636e-02 -1.937464624643325806e-01 -5.756790637969970703e-01 -1.241811066865921021e-01
4.780592918395996094e-01 1.018424853682518005e-01 3.847509920597076416e-01 -9.557951241731643677e-02 -1.271683573722839355e+00 2.300814241170883179e-01 1.972857117652893066e-01 5.107702612876892090e-01 -1.284608602523803711e+00 -1.199602842330932617e+00
-7.346108555793762207e-01 -1.372314617037773132e-02 2.234375476837158203e-01 2.997430041432380676e-02 2.513301670551300049e-01 -1.201672852039337158e-01 -4.167198240756988525e-01 -1.045649647712707520e+00 6.737972050905227661e-02 3.562316000461578369e-01
-8.660750836133956909e-02 -3.717641234397888184e-01 -1.184939742088317871e-01 1.747732460498809814e-01 6.227388381958007812e-01 -2.490194290876388550e-01 -7.586997151374816895e-01 -1.047300058417022228e-03 2.970890104770660400e-01 -5.563066005706787109e-01
-4.085432291030883789e-01 -2.855743467807769775e-01 -5.282344222068786621e-01 2.611440420150756836e-01 -5.513427257537841797e-01 1.194268986582756042e-01 -1.093686819076538086e+00 3.320773839950561523e-01 1.259020119905471802e-01 6.441293656826019287e-02
1.982403993606567383e-01 -6.265370845794677734e-01 1.952465474605560303e-01 2.641867399215698242e-01 -3.347990512847900391e-01 -4.197027385234832764e-01 -1.059399485588073730e+00 1.555595099925994873e-01 3.739418387413024902e-01 -2.714286558330059052e-02
-1.109006702899932861e-01 4.253360927104949951e-01 6.561763286590576172e-01 -5.470829010009765625e-01 -7.168325185775756836e-01 2.819707393646240234e-01 -7.823715806007385254e-01 7.816249132156372070e-01 -1.132805347442626953e+00 -1.118073701858520508e+00
3.262389004230499268e-01 1.443350613117218018e-01 9.706741571426391602e-02 2.571554780006408691e-01 -3.667702078819274902e-01 6.913067400455474854e-02 2.786313593387603760e-01 -5.406390428543090820e-01 -5.867353677749633789e-01 -1.649319887161254883e+00
2.870520949363708496e-01 -1.160742808133363724e-02 4.054534733295440674e-01 -4.153468608856201172e-01 9.162859320640563965e-01 -2.166811466217041016e+00 -6.110786199569702148e-01 1.667639762163162231e-01 -1.273044586181640625e+00 2.107889205217361450e-01
-3.921570777893066406e-01 5.479929447174072266e-01 5.100146532058715820e-01 -7.145221233367919922e-01 1.607939153909683228e-01 -1.241466552019119263e-01 4.010721147060394287e-01 3.693127334117889404e-01 -1.321893453598022461e+00 -1.102543473243713379e+00
-1.610644578933715820e+00 3.233840465545654297e-01 -1.454952836036682129e+00 6.508595943450927734e-01 3.945061564445495605e-01 -1.194512724876403809e+00 -4.768080413341522217e-01 -1.398025751113891602e-01 -1.578821778297424316e+00 5.508973598480224609e-01
1.702308803796768188e-01 1.162634268403053284e-01 -1.215355563908815384e-02 1.615324765443801880e-01 -1.238416194915771484e+00 2.424174994230270386e-01 -1.070533469319343567e-01 3.741567432880401611e-01 -1.125957489013671875e+00 6.389964371919631958e-02
-3.264792859554290771e-01 8.592495322227478027e-02 -6.579704284667968750e-01 6.864855289459228516e-01 -4.766073226928710938e-01 3.839711546897888184e-01 6.758642941713333130e-02 -6.534383296966552734e-01 1.020578220486640930e-01 -7.218582630157470703e-01
-1.023944139480590820e+00 9.969767928123474121e-02 -2.154951333999633789e+00 9.920798242092132568e-02 6.525795459747314453e-01 -1.323759257793426514e-01 -1.034305334091186523e+00 -4.142835736274719238e-01 -6.354368925094604492e-01 7.949995994567871094e-01
5.691410303115844727e-01 4.608307182788848877e-01 5.176002979278564453e-01 -8.666039705276489258e-01 -2.830785810947418213e-01 -6.633156538009643555e-01 3.229365348815917969e-01 3.564773201942443848e-01 -2.216106653213500977e-01 -6.535192131996154785e-01
-1.702099889516830444e-01 -4.174719452857971191e-01 -3.921840786933898926e-01 3.407154083251953125e-01 -7.721456885337829590e-01 6.664208769798278809e-01 6.545586884021759033e-02 -3.932208418846130371e-01 -1.915730088949203491e-01 -8.033571243286132812e-01
-9.081234335899353027e-01 9.603508710861206055e-01 -7.994257211685180664e-01 2.745966911315917969e-01 1.154488325119018555e+00 -8.808265924453735352e-01 -8.162146210670471191e-01 5.187882184982299805e-01 -1.019295334815979004e+00 -1.234603643417358398e+00
2.041391432285308838e-01 -1.132422804832458496e+00 -4.782086312770843506e-01 6.275280714035034180e-01 1.874144971370697021e-01 2.151411026716232300e-01 -4.868511855602264404e-01 -8.255410194396972656e-02 -1.642657667398452759e-01 7.436989247798919678e-02
1.401632428169250488e-01 -6.377789191901683807e-03 -7.045003175735473633e-01 -6.727222204208374023e-01 3.922697305679321289e-01 -5.857093334197998047e-01 -8.300504833459854126e-02 -5.007339119911193848e-01 2.223750501871109009e-01 6.920666098594665527e-01
-7.043189555406570435e-02 -8.340356349945068359e-01 3.962551653385162354e-01 4.871533811092376709e-02 -1.604664683341979980e+00 -1.036804690957069397e-01 -4.385206103324890137e-01 -1.545652002096176147e-01 3.508917391300201416e-01 2.242743670940399170e-01
1.762219667434692383e-01 -1.056615591049194336e+00 -4.608905315399169922e-01 -5.298417210578918457e-01 6.833118200302124023e-02 3.815338313579559326e-01 4.383897483348846436e-01 2.799394913017749786e-02 2.270476520061492920e-01 -4.743093848228454590e-01
-7.177804112434387207e-01 -7.044601440429687500e-01 3.603719770908355713e-01 2.823772728443145752e-01 3.385710418224334717e-01 -8.623635172843933105e-01 -2.793530523777008057e-01 -1.560392826795578003e-01 4.260807335376739502e-01 -2.188576310873031616e-01
2.875331342220306396e-01 -2.823348045349121094e-01 4.463614225387573242e-01 -4.891060292720794678e-01 -4.078544080257415771e-01 -7.477387189865112305e-01 4.767874479293823242e-01 2.890178002417087555e-02 -6.648863554000854492e-01 8.871313184499740601e-02
-1.067957162857055664e+00 -2.783176116645336151e-02 -1.392067521810531616e-01 4.310160279273986816e-01 -6.122844666242599487e-02 -1.677860140800476074e+00 9.123191237449645996e-01 6.595616787672042847e-02 -7.234349250793457031e-01 1.108982488512992859e-01
-1.384510755538940430e+00 -3.919975832104682922e-03 -3.514403700828552246e-01 2.653523683547973633e-01 3.216737508773803711e-01 4.210772812366485596e-01 -7.807983160018920898e-01 4.936484992504119873e-01 -1.669198870658874512e+00 -5.127117037773132324e-01
-3.670048415660858154e-01 -7.378576695919036865e-02 8.505921065807342529e-02 2.733960449695587158e-01 -8.250753283500671387e-01 -2.570163607597351074e-01 -9.465743601322174072e-02 -6.880127191543579102e-01 3.862671256065368652e-01 6.694454550743103027e-01
-3.548083603382110596e-01 -9.665483236312866211e-01 -1.331396549940109253e-01 6.093276739120483398e-01 -1.789365261793136597e-01 -3.495390117168426514e-01 8.716633170843124390e-02 -1.709949225187301636e-01 2.903475761413574219e-01 1.361955404281616211e-01
-1.235083580017089844e+00 7.927215695381164551e-01 -2.013624191284179688e+00 -8.561170697212219238e-01 -9.204276800155639648e-01 1.068832755088806152e+00 9.327464103698730469e-01 2.305268943309783936e-01 -9.475874304771423340e-01 -1.628340333700180054e-01
-1.302883982658386230e+00 5.292426943778991699e-01 9.409685730934143066e-01 -2.323131710290908813e-01 -6.730485558509826660e-01 -4.467581510543823242e-01 -3.909698724746704102e-01 5.435542464256286621e-01 -3.156134784221649170e-01 -2.204982519149780273e+00
-9.843646883964538574e-01 8.643733263015747070e-01 1.691653020679950714e-02 -1.772527694702148438e+00 9.292255043983459473e-01 -3.812760710716247559e-01 -1.266782522201538086e+00 5.634722709655761719e-01 -1.245926141738891602e+00 -1.262252807617187500e+00
-4.808858968317508698e-03 -3.484237492084503174e-01 4.296808540821075439e-01 3.805114626884460449e-01 5.185470581054687500e-01 -6.018804907798767090e-01 -2.851393520832061768e-01 -2.319301962852478027e-01 -1.617019623517990112e-01 -7.345737218856811523e-01
-8.656860888004302979e-02 -4.796425104141235352e-01 4.190643131732940674e-01 3.538084626197814941e-01 -5.617150664329528809e-01 -1.120683774352073669e-01 2.740181386470794678e-01 -6.028388738632202148e-01 3.115168213844299316e-01 8.229199796915054321e-02
-6.148604154586791992e-01 -1.027761220932006836e+00 4.617154598236083984e-01 -6.720170378684997559e-01 4.578450918197631836e-01 1.349534988403320312e-01 2.406999766826629639e-01 -1.197189807891845703e+00 -1.502658247947692871e+00 1.863970234990119934e-02
-3.061315715312957764e-01 -6.141595244407653809e-01 2.932801246643066406e-01 -2.940710186958312988e-01 5.163249969482421875e-01 9.516237303614616394e-03 3.444985449314117432e-01 1.939129829406738281e-01 6.102515384554862976e-02 -7.197237014770507812e-01
4.353241622447967529e-01 -1.487455666065216064e-01 -8.169168829917907715e-01 -2.656557857990264893e-01 -2.132485151290893555e+00 5.789256691932678223e-01 -9.717198014259338379e-01 5.747775435447692871e-01 -3.798146843910217285e-01 -4.819216430187225342e-01
-6.999164223670959473e-01 -5.322496220469474792e-02 -7.197207212448120117e-01 -4.045519232749938965e-01 1.209357902407646179e-01 -2.223104089498519897e-01 1.697213649749755859e-01 -3.415200114250183105e-01 3.183415830135345459e-01 4.221456050872802734e-01
4.395100474357604980e-01 -1.403179168701171875e+00 -7.749671936035156250e-01 -1.654252529144287109e+00 1.065773218870162964e-01 3.016210794448852539e-01 -4.043809771537780762e-01 8.174484223127365112e-02 -1.028831720352172852e+00 8.797311186790466309e-01
-3.258723318576812744e-01 -2.854240834712982178e-01 2.712108492851257324e-01 -1.581015944480895996e+00 -2.970945835113525391e-02 -7.488133311271667480e-01 6.939284801483154297e-01 6.700652837753295898e-01 -7.311637401580810547e-01 -1.174934148788452148e+00
5.085697770118713379e-02 -1.987605243921279907e-01 -2.992287576198577881e-01 -6.022748947143554688e-01 2.811548113822937012e-01 -5.608868002891540527e-01 1.760004758834838867e-01 1.077953651547431946e-01 4.914931356906890869e-01 1.678226441144943237e-01
-1.491382002830505371e+00 1.851514875888824463e-01 -1.207531020045280457e-01 -1.442433357238769531e+00 -1.034810900688171387e+00 1.710410952568054199e+00 5.287712812423706055e-02 6.891172379255294800e-02 -7.543632388114929199e-01 -9.424190223217010498e-02
-1.206271767616271973e+00 3.658273816108703613e-01 8.276602253317832947e-03 8.893343061208724976e-02 -5.199574232101440430e-01 1.491857022047042847e-01 9.834647178649902344e-02 -4.370809532701969147e-03 -5.439702048897743225e-02 -1.241787552833557129e+00
-8.430349230766296387e-01 9.272627532482147217e-02 1.307467967271804810e-01 -3.688759505748748779e-01 6.783513724803924561e-02 -2.913385927677154541e-01 -1.364129185676574707e+00 2.715293169021606445e-01 4.472678899765014648e-01 -2.031235247850418091e-01
-1.624119997024536133e+00 3.455453813076019287e-01 3.120673298835754395e-01 1.764371842145919800e-01 -5.261226296424865723e-01 4.615357816219329834e-01 -1.891670584678649902e+00 -7.416612505912780762e-01 -8.825070858001708984e-01 3.448803722858428955e-01
2.798436880111694336e-01 -6.632235646247863770e-01 -5.652912333607673645e-02 -6.511242985725402832e-01 -3.424843847751617432e-01 7.893941998481750488e-01 1.758969277143478394e-01 -4.232584238052368164e-01 1.079360991716384888e-01 -4.692592620849609375e-01
3.559972047805786133e-01 -8.963091969490051270e-01 -1.135383099317550659e-01 4.161689281463623047e-01 -1.309762001037597656e+00 2.300163805484771729e-01 -1.263770699501037598e+00 2.061226405203342438e-03 -4.400174617767333984e-01 1.337145268917083740e-01
-4.234948158264160156e-01 -3.282139301300048828e-01 -5.739020556211471558e-02 -3.727218210697174072e-01 3.233195841312408447e-01 5.992411971092224121e-01 -2.756857872009277344e-01 -4.538556337356567383e-01 9.464472532272338867e-02 -3.828409314155578613e-01
-1.783368706703186035e+00 2.540864050388336182e-01 8.289403319358825684e-01 -2.161741256713867188e-01 -9.661645293235778809e-01 7.769766449928283691e-01 -1.014801710844039917e-01 2.551625669002532959e-01 -3.171944618225097656e-01 -1.360417366027832031e+00
-5.079081058502197266e-01 -1.145411934703588486e-02 4.405169785022735596e-01 3.417141363024711609e-02 -9.830574393272399902e-01 -6.506925821304321289e-01 5.057527422904968262e-01 -7.157044410705566406e-01 1.545264273881912231e-01 -5.538529157638549805e-01
-1.358968615531921387e-01 5.511364936828613281e-01 4.366427361965179443e-01 9.306938201189041138e-02 3.117636442184448242e-01 -1.784699440002441406e+00 -1.117437005043029785e+00 -5.245105624198913574e-01 -5.179645121097564697e-02 4.360641539096832275e-01
2.714421227574348450e-02 -7.543866038322448730e-01 -9.538406878709793091e-02 2.553932666778564453e-01 -1.496112227439880371e+00 4.671275615692138672e-01 -1.868212074041366577e-01 -1.433976888656616211e-01 -2.764365673065185547e-01 3.793908357620239258e-01
9.516016840934753418e-01 1.001538753509521484e+00 -5.202870368957519531e-01 -1.192640185356140137e+00 -1.186549425125122070e+00 -8.618333339691162109e-01 -1.038648605346679688e+00 6.696897149085998535e-01 -2.890472412109375000e-01 -1.156897172331809998e-01
2.881957292556762695e-01 -1.251576185226440430e+00 -2.940775752067565918e-01 -5.805817246437072754e-01 3.132767379283905029e-01 -8.833011388778686523e-01 4.767374694347381592e-01 -3.755609393119812012e-01 -1.289533734321594238e+00 3.458197116851806641e-01
4.134189784526824951e-01 -9.019955396652221680e-01 -9.573986530303955078e-01 -1.095846176147460938e+00 5.285168439149856567e-02 3.070054948329925537e-01 -1.783435940742492676e-01 -4.568930268287658691e-01 -1.028390675783157349e-01 3.384737074375152588e-01
-9.401772618293762207e-01 -5.658491849899291992e-01 1.207449510693550110e-01 -2.346667945384979248e-01 3.674939274787902832e-01 3.093424737453460693e-01 -5.483747124671936035e-01 -2.937228381633758545e-01 -6.515923142433166504e-02 3.233473002910614014e-01
1.373790353536605835e-01 -8.063296079635620117e-01 -5.241504907608032227e-01 -6.428846716880798340e-01 9.109584987163543701e-02 2.143528163433074951e-01 2.814139127731323242e-01 -9.886075854301452637e-01 5.702548623085021973e-01 4.278102517127990723e-01
-5.133901834487915039e-01 1.573551893234252930e-01 1.334536969661712646e-01 -9.166442751884460449e-01 3.292251229286193848e-01 2.682360410690307617e-01 3.602186441421508789e-01 2.318934500217437744e-01 -3.626769781112670898e-01 -7.847967743873596191e-01
3.595094978809356689e-01 2.656564414501190186e-01 -5.150103569030761719e-01 -8.613132238388061523e-01 1.844181418418884277e-01 -4.902218282222747803e-01 9.577414393424987793e-02 -2.366026192903518677e-01 -1.324584126472473145e+00 4.334591031074523926e-01
9.383742809295654297e-01 2.348392158746719360e-01 1.126246213912963867e+00 -7.717781662940979004e-01 -1.131530642509460449e+00 -5.284889936447143555e-01 -4.652062356472015381e-01 -4.185224473476409912e-01 -1.826858401298522949e+00 -7.756831049919128418e-01
-6.859478950500488281e-01 -1.209645867347717285e+00 -4.650624692440032959e-01 1.544904261827468872e-01 2.923136651515960693e-01 2.455750405788421631e-01 -1.564309835433959961e+00 4.779919683933258057e-01 -1.657904148101806641e+00 2.129641920328140259e-01
-1.662193685770034790e-01 2.643078267574310303e-01 3.545083701610565186e-01 -3.807118833065032959e-01 -3.742918670177459717e-01 8.339793980121612549e-02 -1.180114865303039551e+00 -2.256621569395065308e-01 7.372955232858657837e-02 3.277340531349182129e-01
3.723547458648681641e-01 -5.529311895370483398e-01 -5.335609316825866699e-01 2.967537343502044678e-01 4.166884124279022217e-01 -7.870023697614669800e-02 -4.149509072303771973e-01 4.495702981948852539e-01 -5.701474100351333618e-02 -5.379019975662231445e-01
4.576321840286254883e-01 3.508196175098419189e-01 3.082721531391143799e-01 -5.435712337493896484e-01 -1.030816316604614258e+00 8.276125788688659668e-02 -2.789316475391387939e-01 -3.918570578098297119e-01 -1.166953984647989273e-02 -2.742594480514526367e-01
-2.072335220873355865e-02 -1.831020861864089966e-01 1.559632122516632080e-01 -5.000566244125366211e-01 1.562856882810592651e-01 -9.020027518272399902e-01 -3.123711943626403809e-01 7.458982616662979126e-02 4.595668315887451172e-01 1.311025917530059814e-01
2.308540195226669312e-01 3.806622624397277832e-01 2.681773900985717773e-01 -5.062522888183593750e-01 -5.336774047464132309e-03 -3.276599645614624023e-01 1.479107141494750977e-01 -6.286900639533996582e-01 1.744370162487030029e-01 -6.207389831542968750e-01
-1.462451834231615067e-02 -4.486213326454162598e-01 -1.640584021806716919e-01 5.259630084037780762e-01 8.307908428832888603e-04 -2.583419978618621826e-01 -6.919152140617370605e-01 2.205217927694320679e-01 -5.095609426498413086e-01 3.740450739860534668e-01
1.948271095752716064e-01 2.172299325466156006e-01 -1.385448455810546875e+00 -1.136367201805114746e+00 -1.333781238645315170e-02 -7.181389927864074707e-01 5.814495086669921875e-01 4.760819673538208008e-01 -6.118303537368774414e-01 1.856695711612701416e-01
-1.297742247581481934e+00 3.402804732322692871e-01 4.929079413414001465e-01 -3.287142813205718994e-01 1.215666830539703369e-01 4.561324715614318848e-01 -2.133451253175735474e-01 -1.379868149757385254e+00 -1.164977073669433594e+00 5.308644175529479980e-01
-8.845590353012084961e-01 -2.669308781623840332e-01 -7.972717285156250000e-01 2.400132715702056885e-01 -1.699131131172180176e-01 3.118535503745079041e-02 -1.292073369026184082e+00 4.331294894218444824e-01 3.039825558662414551e-01 7.716061174869537354e-02
4.516158699989318848e-01 -5.040791034698486328e-01 4.299203753471374512e-01 1.621308773756027222e-01 -2.843918800354003906e-01 -6.204259395599365234e-01 2.281602285802364349e-02 4.729794561862945557e-01 -8.338374495506286621e-01 -2.669782936573028564e-01
-2.140957564115524292e-01 -2.009355872869491577e-01 2.500932812690734863e-01 -5.828357934951782227e-01 2.072153538465499878e-01 1.494854539632797241e-01 -2.176701128482818604e-01 -8.654638528823852539e-01 7.914242148399353027e-02 -4.223391413688659668e-02
-8.542312383651733398e-01 1.526878327131271362e-01 -2.288987487554550171e-01 2.467564791440963745e-01 -9.385904669761657715e-01 2.674949765205383301e-01 3.009203970432281494e-01 7.101785540580749512e-01 -5.877091884613037109e-01 -1.271080255508422852e+00
-3.705781102180480957e-01 9.370790123939514160e-01 3.300064206123352051e-01 3.536961972713470459e-01 6.051433682441711426e-01 -3.933205902576446533e-01 -4.773479104042053223e-01 -9.811873435974121094e-01 -1.052773118019104004e+00 -1.903044462203979492e+00
-1.412054657936096191e+00 1.764790564775466919e-01 3.835058212280273438e-01 1.922824829816818237e-01 -8.132150769233703613e-01 -5.663440227508544922e-01 -4.618179053068161011e-02 5.728131532669067383e-01 -3.007342815399169922e-01 -1.840607523918151855e+00
-9.581998921930789948e-03 -1.041240692138671875e+00 1.135110110044479370e-01 -5.054456591606140137e-01 -1.198480725288391113e+00 6.420629024505615234e-01 -2.131427049636840820e+00 4.147482514381408691e-01 -3.894077241420745850e-01 2.563459277153015137e-01
-2.716922163963317871e-01 -3.432430922985076904e-01 5.488647520542144775e-02 -4.278268218040466309e-01 2.390284538269042969e-01 4.874116182327270508e-01 -5.384245514869689941e-01 -3.680150210857391357e-01 2.935193479061126709e-03 -6.142941713333129883e-01
2.188222855329513550e-01 -7.906796336174011230e-01 -9.900836944580078125e-01 -1.542164921760559082e+00 4.321325421333312988e-01 4.852523207664489746e-01 5.830640792846679688e-01 -4.793275594711303711e-01 3.324263095855712891e-01 -6.969153881072998047e-01
-5.819053053855895996e-01 4.632370769977569580e-01 -8.045447058975696564e-03 8.398064970970153809e-02 -4.078655540943145752e-01 -4.063687622547149658e-01 -1.097779989242553711e+00 -6.084924098104238510e-03 -2.488446831703186035e-01 4.773595929145812988e-01
-2.172082901000976562e+00 -1.588167101144790649e-01 -1.719323635101318359e+00 5.951337814331054688e-01 6.167077422142028809e-01 8.597214221954345703e-01 -2.211231231689453125e+00 -8.330075144767761230e-01 -2.161526679992675781e+00 8.574326038360595703e-01
-2.469519898295402527e-02 -3.690462112426757812e-01 6.116493940353393555e-01 -5.239371657371520996e-01 -2.669007517397403717e-02 -4.046290218830108643e-01 -2.488589286804199219e-01 6.723211407661437988e-01 -4.071630835533142090e-01 -1.673237234354019165e-01
-1.026135802268981934e+00 2.462667673826217651e-01 -6.755642890930175781e-01 2.796032130718231201e-01 1.779706180095672607e-01 -9.654481709003448486e-02 -2.981421351432800293e-01 3.301808238029479980e-01 3.099321126937866211e-01 -1.056469157338142395e-01
4.870305955410003662e-01 -7.194177061319351196e-02 -4.409122765064239502e-01 -1.236565038561820984e-01 -2.059289366006851196e-01 -1.372677534818649292e-01 -4.634160697460174561e-01 2.076525837182998657e-01 -7.281085252761840820e-01 4.034848511219024658e-01
-1.823508977890014648e+00 8.707438707351684570e-01 -7.271021008491516113e-01 -1.175964474678039551e+00 4.469118118286132812e-01 5.680531859397888184e-01 -8.855082392692565918e-01 4.206014871597290039e-01 -1.515354514122009277e-01 -1.199770092964172363e+00
-6.228663325309753418e-01 1.129347234964370728e-01 -2.028130054473876953e+00 -1.138318300247192383e+00 -5.225309133529663086e-01 9.068138599395751953e-01 8.857457637786865234e-01 -8.417667150497436523e-01 -1.489976607263088226e-02 6.852837204933166504e-01
-1.016416177153587341e-01 -4.849652051925659180e-01 3.414673805236816406e-01 -7.656663060188293457e-01 -2.236404865980148315e-01 -6.145499944686889648e-01 1.783895492553710938e-01 4.362935423851013184e-01 6.580204367637634277e-01 -7.026634812355041504e-01
-9.159312844276428223e-01 -8.469337821006774902e-01 -2.098518460988998413e-01 -1.317456960678100586e-01 1.424380838871002197e-01 -4.360143840312957764e-01 -1.830538034439086914e+00 5.901483297348022461e-01 -1.437988162040710449e+00 3.328714370727539062e-01
2.972503900527954102e-01 -8.802446126937866211e-01 -8.738963305950164795e-02 -4.977298080921173096e-01 -6.271548271179199219e-01 2.473746836185455322e-01 2.535292208194732666e-01 -3.523619174957275391e-01 -2.353170663118362427e-01 4.080863893032073975e-01
-1.290283799171447754e-01 -2.290862612426280975e-02 3.080021440982818604e-01 2.270706444978713989e-01 -4.844884872436523438e-01 2.734380029141902924e-02 -1.234809637069702148e+00 -5.705635994672775269e-04 8.284419775009155273e-02 -1.498961210250854492e+00
-5.050138235092163086e-01 -5.194814801216125488e-01 -5.726072192192077637e-01 -3.261316120624542236e-01 2.173791527748107910e-01 -5.628506541252136230e-01 3.437237739562988281e-01 3.118500411510467529e-01 7.004375457763671875e-01 -1.349560469388961792e-01
-7.679870128631591797e-01 3.917678818106651306e-02 3.302559852600097656e-01 -5.468952655792236328e-01 4.584914147853851318e-01 1.801379770040512085e-01 -4.077211618423461914e-01 -9.485391527414321899e-02 2.259260714054107666e-01 2.613549865782260895e-02
-6.530648469924926758e-01 6.040503736585378647e-03 1.949376985430717468e-02 2.685142755508422852e-01 -2.936886437237262726e-02 -9.465883970260620117e-01 -1.634778261184692383e+00 1.828704774379730225e-01 1.844878047704696655e-01 7.750130444765090942e-02
-5.769012570381164551e-01 1.788538396358489990e-01 -5.433111786842346191e-01 -5.944725871086120605e-01 4.377404600381851196e-02 9.403593093156814575e-02 7.260516881942749023e-01 -6.850364208221435547e-01 2.173590064048767090e-01 -4.023536741733551025e-01
-1.346079856157302856e-01 -1.260055154561996460e-01 -1.455524414777755737e-01 1.172669306397438049e-01 3.217693567276000977e-01 1.389729529619216919e-01 2.496856302022933960e-01 -2.752944529056549072e-01 -7.377840876579284668e-01 -1.231542706489562988e+00
2.987395226955413818e-02 -6.450461745262145996e-01 -4.888740479946136475e-01 2.810769081115722656e-01 1.418855190277099609e-01 -1.990382820367813110e-01 3.185205161571502686e-01 -5.439980626106262207e-01 5.629581809043884277e-01 -2.481646090745925903e-01
5.771443247795104980e-01 -6.042182445526123047e-01 3.583830222487449646e-02 -9.531838297843933105e-01 -1.167880177497863770e+00 -9.982845187187194824e-01 2.265754044055938721e-01 -2.573408186435699463e-01 6.352717876434326172e-01 -2.994003472849726677e-03
4.515817165374755859e-01 -8.044404983520507812e-01 6.499059796333312988e-01 -1.030584573745727539e-01 -1.676497220993041992e+00 -9.701563976705074310e-03 -1.031113386154174805e+00 -7.590290904045104980e-02 2.375842928886413574e-01 -2.667956352233886719e-01
-7.730111479759216309e-02 5.119367837905883789e-01 -1.889432668685913086e-01 2.357706874608993530e-01 -6.928416490554809570e-01 3.213389515876770020e-01 -1.010333418846130371e+00 2.899274826049804688e-01 -2.009119987487792969e-01 -8.095118403434753418e-01
3.026998639106750488e-01 3.817451000213623047e-01 -3.861795663833618164e-01 4.368496835231781006e-01 -2.470830827951431274e-01 1.894151419401168823e-01 -4.920167624950408936e-01 -6.985110640525817871e-01 -4.501068592071533203e-01 5.072471499443054199e-01
2.506556734442710876e-02 7.391252517700195312e-01 -1.346357818692922592e-02 -5.519123077392578125e-01 1.838640570640563965e-01 -1.973072290420532227e-01 1.275363564491271973e-01 5.331023335456848145e-01 -1.589627623558044434e+00 -4.282357990741729736e-01
-8.013458251953125000e-01 2.052787691354751587e-01 -3.251482844352722168e-01 3.139620125293731689e-01 -3.177747726440429688e-01 -7.695533633232116699e-01 -4.414459466934204102e-01 -2.533344924449920654e-01 3.672564327716827393e-01 1.360123008489608765e-01
-8.705257773399353027e-01 5.051233768463134766e-01 2.009848356246948242e-01 6.417947411537170410e-01 -8.758280277252197266e-01 -1.110747218132019043e+00 2.273169159889221191e-02 -5.993088707327842712e-02 -7.371675968170166016e-01 -1.516491472721099854e-01
2.081852406263351440e-01 2.863015532493591309e-01 -5.093792080879211426e-01 -9.405247122049331665e-02 -6.516081094741821289e-01 5.218049287796020508e-01 2.457175701856613159e-01 -1.034360408782958984e+00 2.465052157640457153e-01 -1.496125906705856323e-01
-1.018238782882690430e+00 3.626307249069213867e-01 -7.002139091491699219e-01 4.999022483825683594e-01 2.379515022039413452e-01 -7.146722078323364258e-02 -1.195308938622474670e-01 2.171992212533950806e-01 -4.862763881683349609e-01 7.497029006481170654e-02
2.418569624423980713e-01 -1.812131553888320923e-01 1.641630679368972778e-01 1.635272800922393799e-01 3.783343136310577393e-01 9.294620901346206665e-02 3.872169181704521179e-02 -6.110925078392028809e-01 1.092539355158805847e-01 -6.474118232727050781e-01
2.547055780887603760e-01 8.397443890571594238e-01 -2.071484625339508057e-01 1.626382954418659210e-02 5.019678547978401184e-02 -5.515300631523132324e-01 4.084396362304687500e-01 -7.764898538589477539e-01 -6.608312129974365234e-01 -1.172878861427307129e+00
-4.363300800323486328e-01 1.463476121425628662e-01 -1.160727500915527344e+00 -1.712096571922302246e+00 5.772991776466369629e-01 3.523044660687446594e-02 -3.503129482269287109e-01 5.230154842138290405e-02 5.913891792297363281e-01 -1.374192476272583008e+00
