3.503387611756539257e-04
4.081782709356486256e-04
-5.079810653116837148e-05
1.907934983748948367e-08
-1.955590469010541014e-04
-2.877615012702586427e-07
-1.555647162978123898e-03
-5.521095825288340983e-06
-2.808624328179518841e-04
-3.929177498590480974e-06
4.994730594253287974e-08
1.447912998798664798e-04
5.636017788946917251e-06
1.990114523584903005e-06
6.654000985197590578e-06
0.000000000000000000e+00
-3.841790864967822156e-02
9.517877401466074902e-03
-4.603928250762716334e-04
-4.614493086725267269e-04
-1.400767145520098115e-04
-1.583190746146992932e-04
7.093120165002487869e-04
3.465567508399642797e-05
9.532611213339216286e-06
1.240805829196836400e-03
1.637648239050881749e-02
1.996143096169024594e-04
1.449593032509979135e-04
1.546931158816437898e-05
-1.076777645114608306e-04
-4.599616877241585419e-04
-4.592064220792948896e-04
-1.373772518594691488e-04
-1.374912136538182451e-04
