3.668312795558306043e-04
4.540895296221741559e-04
-5.503563814293414949e-05
-2.951530770667293456e-07
-2.118897553002599887e-04
-5.199129061297307933e-08
-1.653263590694594668e-03
-6.659774815622030477e-06
-3.264572117158932927e-04
-4.211309330218112241e-06
2.116314442426711743e-07
1.492549827832890261e-04
4.766176772352302407e-06
2.291928675693331587e-06
6.028287809781619647e-06
0.000000000000000000e+00
-4.118597829328370791e-02
1.686783700665283464e-02
-5.309278708643549614e-04
-5.317217848742221203e-04
-1.686043894323530784e-04
-1.891703646441397595e-04
7.875276235632807601e-04
3.935176096152972005e-05
2.476694721200320914e-06
-5.143933102459989550e-04
1.801010388224162997e-02
2.124463209296906783e-04
1.670384969683760877e-04
3.017052716974113265e-05
-1.212941956184929155e-04
-5.307937851363312733e-04
-5.286474431462272151e-04
-1.651185568077581450e-04
-1.645137126161147468e-04
