-3.566491901874542236e-01 3.240222632884979248e-01 -3.666190803050994873e-01 -1.966427117586135864e-01 3.337990939617156982e-01 -5.641324911266565323e-03 -1.447694450616836548e-01 3.338664472103118896e-01 3.650743961334228516e-01 2.459979504346847534e-01
1.349607706069946289e-01 -7.329705357551574707e-01 1.537845730781555176e-01 -1.212976053357124329e-01 1.394249945878982544e-01 2.485677152872085571e-01 2.917167246341705322e-01 -7.816048711538314819e-02 -4.413947463035583496e-03 2.824146747589111328e-01
1.166130006313323975e-01 6.931574642658233643e-02 -4.939543306827545166e-01 3.250782787799835205e-01 -2.708655595779418945e-01 5.637910366058349609e-01 5.399538874626159668e-01 -5.447113513946533203e-02 -4.760320484638214111e-01 -4.463103115558624268e-01
-7.794599533081054688e-01 8.630047440528869629e-01 -4.880161583423614502e-01 -3.281528949737548828e-01 6.111063435673713684e-02 5.780620574951171875e-01 -4.315133392810821533e-01 3.651896119117736816e-01 9.540922194719314575e-02 -7.187306284904479980e-01
2.023875862360000610e-01 7.602241635322570801e-02 3.171931803226470947e-01 8.817803114652633667e-02 2.510243654251098633e-01 -5.846033096313476562e-01 2.498378306627273560e-01 -1.200130581855773926e+00 -7.407838106155395508e-01 3.712108135223388672e-01
-2.463562786579132080e-01 -6.570343971252441406e-01 3.281375169754028320e-01 -4.348223209381103516e-01 -4.972245693206787109e-01 2.776842117309570312e-01 3.405231237411499023e-02 1.554248929023742676e-01 4.233505129814147949e-01 3.089011609554290771e-01
-2.593971788883209229e-01 5.696175694465637207e-01 2.803145051002502441e-01 -2.086658775806427002e-01 1.755838245153427124e-01 -4.441511332988739014e-01 -1.918919384479522705e-01 3.779464364051818848e-01 -8.527289330959320068e-02 -2.862469255924224854e-01
-9.182932376861572266e-01 -5.280567407608032227e-01 1.520922780036926270e-01 -1.282822787761688232e-01 -3.862206339836120605e-01 4.645598232746124268e-01 -5.849649906158447266e-01 2.495698183774948120e-01 9.564809203147888184e-01 -5.823344588279724121e-01
-3.957810997962951660e-01 -2.742919921875000000e-01 -1.284196227788925171e-02 8.139710426330566406e-01 -4.323069751262664795e-01 -1.177113130688667297e-01 -2.197984457015991211e-01 1.530374884605407715e-01 -6.814122796058654785e-01 4.697076380252838135e-01
-1.507932879030704498e-02 -3.687741160392761230e-01 2.556087970733642578e-01 -2.790448367595672607e-01 1.397925168275833130e-01 -3.120317459106445312e-01 -1.444481760263442993e-01 4.040206670761108398e-01 1.761675029993057251e-01 -7.912236452102661133e-02
8.276098221540451050e-02 -2.546172440052032471e-01 -6.550531983375549316e-01 -1.452282071113586426e-01 4.053499400615692139e-01 -2.268129438161849976e-01 5.811841487884521484e-01 -3.000812232494354248e-01 -8.089120388031005859e-01 4.495394825935363770e-01
3.295485377311706543e-01 -3.484762087464332581e-02 3.303340375423431396e-01 3.634329885244369507e-03 -6.169828772544860840e-01 -2.585689127445220947e-01 -3.986043334007263184e-01 2.099997401237487793e-01 -5.730133056640625000e-01 3.368267714977264404e-01
3.031671941280364990e-01 -4.298027157783508301e-01 -2.917651534080505371e-01 2.321556955575942993e-01 -2.025279849767684937e-01 2.064806222915649414e-01 2.977789640426635742e-01 -4.786274433135986328e-01 4.120148122310638428e-01 1.951250582933425903e-01
1.603600829839706421e-01 2.796209454536437988e-01 -4.113775193691253662e-01 2.304165065288543701e-01 2.073198258876800537e-01 -5.253444910049438477e-01 2.497559487819671631e-01 -1.127664089202880859e+00 -2.517944276332855225e-01 -1.559620201587677002e-01
-3.879067003726959229e-01 -1.987669318914413452e-01 3.381705880165100098e-01 -4.515205621719360352e-01 -4.915505647659301758e-01 4.129833728075027466e-02 4.929726719856262207e-01 2.055199891328811646e-01 2.474874258041381836e-02 5.799511447548866272e-02
3.003220856189727783e-01 -3.746819496154785156e-01 -4.847496449947357178e-01 -8.562579154968261719e-01 -1.013058796525001526e-01 2.887375950813293457e-01 -9.720274806022644043e-01 3.085629642009735107e-01 4.624758064746856689e-01 1.577478945255279541e-01
8.839690685272216797e-02 -6.417438387870788574e-02 -4.048445522785186768e-01 2.686120271682739258e-01 -4.510506391525268555e-01 -3.489420711994171143e-01 3.808609843254089355e-01 1.457669138908386230e-01 -2.461779266595840454e-01 1.498391628265380859e-01
-3.986817970871925354e-02 -4.052647575736045837e-02 -4.716264009475708008e-01 1.955624818801879883e-01 3.623082041740417480e-01 1.850594878196716309e-01 -1.834289133548736572e-01 3.649483900517225266e-03 2.959744036197662354e-01 2.552278339862823486e-01
-1.446141600608825684e-01 -8.599582910537719727e-01 6.482084989547729492e-01 -3.074931502342224121e-01 -1.025177717208862305e+00 1.205278038978576660e-01 -1.050982952117919922e+00 3.097094297409057617e-01 1.834725141525268555e-01 1.481036692857742310e-01
7.460626214742660522e-02 3.594670593738555908e-01 -3.931225836277008057e-01 -2.717413604259490967e-01 7.007076591253280640e-02 1.384441368281841278e-02 1.661800891160964966e-01 -2.243112474679946899e-01 2.690921127796173096e-01 1.363390032202005386e-02
-2.836257517337799072e-01 -2.564573101699352264e-02 -1.133308932185173035e-01 5.817860364913940430e-01 -2.378305643796920776e-01 3.998466730117797852e-01 -7.244453430175781250e-01 4.017889797687530518e-01 5.426788926124572754e-01 -5.095680952072143555e-01
-5.057185888290405273e-01 3.284507617354393005e-02 -1.013285398483276367e+00 -7.366173267364501953e-01 -7.478660941123962402e-01 2.492413967847824097e-01 -8.121002316474914551e-01 2.354795336723327637e-01 8.302323222160339355e-01 9.896549582481384277e-02
-2.384409606456756592e-01 3.125149905681610107e-01 -3.515888750553131104e-01 2.631999924778938293e-02 -1.753174215555191040e-01 -1.001549959182739258e-01 2.038513571023941040e-01 3.651274442672729492e-01 2.792845368385314941e-01 3.123724460601806641e-01
3.298349380493164062e-01 -7.600135803222656250e-01 2.870176173746585846e-02 8.592602610588073730e-02 -1.486532762646675110e-02 7.704761028289794922e-01 4.182051122188568115e-01 -1.887450665235519409e-01 -1.982016861438751221e-01 -3.071297109127044678e-01
-7.770637869834899902e-01 -1.004751682281494141e+00 -1.513991057872772217e-01 7.895856499671936035e-01 -8.180653452873229980e-01 4.620942473411560059e-01 -8.824715614318847656e-01 3.476276695728302002e-01 -8.468485474586486816e-01 5.723164230585098267e-02
-4.946376681327819824e-01 -6.097310781478881836e-01 5.677453055977821350e-02 2.870607078075408936e-01 2.482531368732452393e-01 -5.255864560604095459e-02 1.870237141847610474e-01 2.518794834613800049e-01 -3.771686851978302002e-01 2.035727053880691528e-01
1.650901585817337036e-01 1.900976598262786865e-01 -1.155688092112541199e-01 -2.068641483783721924e-01 -3.642681837081909180e-01 1.836863905191421509e-01 3.123225271701812744e-01 -5.304310917854309082e-01 -3.694816231727600098e-01 4.677979946136474609e-01
1.074093729257583618e-01 5.956228375434875488e-01 -8.234162628650665283e-02 -7.221574187278747559e-01 -3.376475572586059570e-01 7.592473626136779785e-01 6.155299022793769836e-02 -3.984520137310028076e-01 -2.358886897563934326e-01 -3.420172333717346191e-01
-2.643812894821166992e-01 -3.372964560985565186e-01 -2.065106928348541260e-01 9.622243046760559082e-02 -2.149072438478469849e-01 -2.648118138313293457e-01 4.310969114303588867e-01 -1.155135706067085266e-01 4.155454039573669434e-01 -2.566039264202117920e-01
2.323126643896102905e-01 -1.853984296321868896e-01 2.659898698329925537e-01 -1.179705485701560974e-01 2.615505456924438477e-01 3.702677488327026367e-01 1.395515352487564087e-01 -4.848013818264007568e-01 2.330079525709152222e-01 -8.763383030891418457e-01
1.258295178413391113e-01 -1.581247150897979736e-01 8.937893807888031006e-02 -3.418491408228874207e-02 2.880060300230979919e-02 -1.909962445497512817e-01 6.524224579334259033e-02 -7.675402760505676270e-01 4.026332497596740723e-01 -7.088160514831542969e-01
-4.988004267215728760e-02 -6.928300857543945312e-01 -1.122659221291542053e-01 -5.571866631507873535e-01 7.151171565055847168e-01 -9.546427987515926361e-03 -1.215324640274047852e+00 5.299166440963745117e-01 -7.103461027145385742e-01 7.692682743072509766e-02
-2.883873581886291504e-01 2.002387344837188721e-01 -3.767555952072143555e-01 1.251076459884643555e-01 2.434260398149490356e-01 -4.762566387653350830e-01 1.631785631179809570e-01 -7.629943639039993286e-02 4.663988351821899414e-01 2.865920066833496094e-01
7.872763671912252903e-04 -2.637173533439636230e-01 -2.312811762094497681e-01 1.665236651897430420e-01 3.529396057128906250e-01 -7.682701349258422852e-01 3.093113303184509277e-01 -9.178026914596557617e-01 -2.647888958454132080e-01 -2.479411810636520386e-01
2.687021791934967041e-01 -4.404534697532653809e-01 -5.149543881416320801e-01 -6.281661987304687500e-02 -5.780524108558893204e-03 -1.305050104856491089e-01 1.512585878372192383e-01 4.862858951091766357e-01 3.172404468059539795e-01 -5.187535881996154785e-01
-3.476311862468719482e-01 9.149575233459472656e-02 4.949007332324981689e-01 3.543784022331237793e-01 5.548781249672174454e-03 -1.564157158136367798e-01 -4.457390904426574707e-01 -2.680779397487640381e-01 3.060510754585266113e-01 -2.474384009838104248e-01
-2.128574550151824951e-01 7.348011732101440430e-01 -8.238420635461807251e-02 -5.162169337272644043e-01 -9.018598198890686035e-01 4.105288386344909668e-01 -6.374068260192871094e-01 2.007122039794921875e-01 -4.639604091644287109e-01 3.056669533252716064e-01
2.347835600376129150e-01 3.228072822093963623e-01 5.122805386781692505e-02 3.831332027912139893e-01 -5.550917983055114746e-01 4.344704747200012207e-02 -9.619153290987014771e-02 6.471085548400878906e-01 -6.741662621498107910e-01 -5.251152515411376953e-01
-3.854093253612518311e-01 -1.417650580406188965e-01 3.230237662792205811e-01 -4.329356551170349121e-01 3.076043426990509033e-01 6.504988074302673340e-01 1.168228499591350555e-02 -6.689981222152709961e-01 -8.437933921813964844e-01 -4.302592575550079346e-01
4.557690396904945374e-02 1.197623759508132935e-01 3.718972206115722656e-01 1.833638362586498260e-02 -3.200652003288269043e-01 -2.480951249599456787e-01 -3.007467091083526611e-01 3.678886890411376953e-01 -4.375774860382080078e-01 -4.787571132183074951e-01
3.253480494022369385e-01 -2.265047430992126465e-01 1.172594651579856873e-01 -2.867683470249176025e-01 1.834067553281784058e-01 2.308478504419326782e-01 3.466163575649261475e-01 -3.538685441017150879e-01 -3.529896736145019531e-01 -5.794587135314941406e-01
2.040717750787734985e-02 7.607254385948181152e-01 2.058826386928558350e-01 -2.593447566032409668e-01 -7.373453378677368164e-01 3.329392373561859131e-01 -5.475757122039794922e-01 -7.638780772686004639e-02 8.174911886453628540e-02 -1.949909478425979614e-01
-3.775503039360046387e-01 -3.844270706176757812e-01 1.974040567874908447e-01 2.315225154161453247e-01 3.414311707019805908e-01 -1.121096253395080566e+00 -1.444100290536880493e-01 -2.961597442626953125e-01 1.001287996768951416e-02 -2.862651944160461426e-01
-6.529111266136169434e-01 -6.906544566154479980e-01 2.220653146505355835e-01 4.037321805953979492e-01 3.460633158683776855e-01 5.216406583786010742e-01 -8.021783083677291870e-02 -5.047026872634887695e-01 -6.143245100975036621e-01 -7.341608405113220215e-01
7.241389900445938110e-02 -4.414443299174308777e-02 -7.907909899950027466e-02 3.698512017726898193e-01 -4.358564019203186035e-01 -1.772746630012989044e-02 -5.767088532447814941e-01 1.306238025426864624e-01 4.073152244091033936e-01 2.974869310855865479e-01
1.470771878957748413e-01 5.107161998748779297e-01 -7.762573659420013428e-02 -4.073783457279205322e-01 3.562449514865875244e-01 5.611111521720886230e-01 -1.787992119789123535e-01 1.595911532640457153e-01 8.317752182483673096e-02 -7.657723426818847656e-01
2.237839549779891968e-01 4.093324840068817139e-01 1.639965474605560303e-01 -2.780773118138313293e-02 2.454206533730030060e-02 2.007098346948623657e-01 -4.586099088191986084e-01 -5.657324790954589844e-01 2.362307459115982056e-01 2.270379215478897095e-01
5.520863533020019531e-01 3.713823854923248291e-01 -9.033679962158203125e-01 3.229119181632995605e-01 3.792545199394226074e-02 -4.527877867221832275e-01 -4.460875093936920166e-01 6.189484596252441406e-01 1.018738299608230591e-01 -4.753834009170532227e-01
3.561601638793945312e-01 -1.454276442527770996e-01 5.600374341011047363e-01 -9.510577321052551270e-01 -1.837722808122634888e-01 2.154303044080734253e-01 6.596042215824127197e-02 4.611514210700988770e-01 -5.190724730491638184e-01 -3.956349790096282959e-01
3.560172319412231445e-01 -5.089911818504333496e-01 4.199060201644897461e-01 -3.122673332691192627e-01 -1.014396026730537415e-01 2.705977261066436768e-01 -4.979584738612174988e-02 2.461218237876892090e-01 -1.409176141023635864e-01 -7.432814240455627441e-01
4.265752136707305908e-01 -3.068538904190063477e-01 -6.401001214981079102e-01 -3.064608871936798096e-01 2.771231234073638916e-01 5.535842776298522949e-01 -2.356246560811996460e-01 4.040415957570075989e-02 5.187592506408691406e-01 -5.181139707565307617e-01
-3.727047443389892578e-01 -3.188505768775939941e-01 -2.624746859073638916e-01 -3.226199746131896973e-01 3.270760178565979004e-01 -1.629703938961029053e-01 -1.814183965325355530e-02 2.168484181165695190e-01 2.736413776874542236e-01 3.155442178249359131e-01
-3.993732333183288574e-01 4.621462821960449219e-01 2.464009672403335571e-01 -2.784881740808486938e-02 2.979792058467864990e-01 2.849719226360321045e-01 -1.787441968917846680e-01 -1.566955260932445526e-02 3.174464702606201172e-01 -3.696735799312591553e-01
-5.079194307327270508e-01 -3.912444114685058594e-01 -1.391408592462539673e-01 -4.388535916805267334e-01 -2.525339126586914062e-01 -3.396295011043548584e-01 5.181419849395751953e-01 2.721882164478302002e-01 2.860259115695953369e-01 2.781432680785655975e-02
-1.716921329498291016e-01 1.035811528563499451e-01 2.115428000688552856e-01 1.012330353260040283e-01 2.927129268646240234e-01 -1.550288647413253784e-01 -4.685313999652862549e-01 2.301536500453948975e-01 4.132647812366485596e-01 -2.519721686840057373e-01
-2.055804133415222168e-01 -4.068017899990081787e-01 2.310816794633865356e-01 4.979885518550872803e-01 -3.521804511547088623e-01 3.573095053434371948e-02 2.595310509204864502e-01 3.221584856510162354e-01 -1.830876022577285767e-01 -5.182555317878723145e-01
-3.432482481002807617e-01 2.205378413200378418e-01 5.284208804368972778e-02 1.480374783277511597e-01 2.370181381702423096e-01 -3.062664866447448730e-01 -7.191228866577148438e-02 -2.662584781646728516e-01 -5.995588898658752441e-01 4.962390661239624023e-01
1.662503331899642944e-01 -2.378285825252532959e-01 3.019891977310180664e-01 -4.265708327293395996e-01 2.187466919422149658e-01 -2.432090044021606445e-01 -3.068547546863555908e-01 -1.697347760200500488e-01 1.900515705347061157e-02 3.489794731140136719e-01
-3.270165026187896729e-01 -4.679723177105188370e-03 -4.351759850978851318e-01 -4.414593055844306946e-02 1.679519414901733398e-01 -2.131584584712982178e-01 2.642773687839508057e-01 1.108575984835624695e-01 2.458845227956771851e-01 1.170110478997230530e-01
2.413679063320159912e-01 -4.366328716278076172e-01 -3.921144604682922363e-01 -8.674128651618957520e-01 4.070352017879486084e-01 7.853623628616333008e-01 -1.021707057952880859e+00 4.489983618259429932e-01 -7.465338706970214844e-01 -5.817929506301879883e-01
3.561953306198120117e-01 -3.908952772617340088e-01 1.362073123455047607e-01 -3.877608776092529297e-01 -3.175801932811737061e-01 3.491338193416595459e-01 4.145744144916534424e-01 -2.139661163091659546e-01 -3.131030499935150146e-01 2.302574813365936279e-01
-4.525931775569915771e-01 2.558427751064300537e-01 2.450178004801273346e-02 -4.104743599891662598e-01 1.219960525631904602e-01 -2.874824404716491699e-01 2.761383950710296631e-01 3.033166825771331787e-01 -2.014249414205551147e-01 -6.992593407630920410e-03
8.740910887718200684e-02 -4.798573851585388184e-01 1.044366508722305298e-02 1.497062146663665771e-01 2.713627368211746216e-02 -4.074924886226654053e-01 3.877101242542266846e-01 3.035547733306884766e-01 2.775615453720092773e-01 -2.555355131626129150e-01
1.202735155820846558e-01 1.430060565471649170e-01 1.442571133375167847e-01 1.802305430173873901e-01 -2.131132334470748901e-01 -9.896124601364135742e-01 2.090931534767150879e-01 1.605421155691146851e-01 5.215961933135986328e-01 -6.519520282745361328e-01
-6.071540117263793945e-01 2.223712503910064697e-01 5.243074297904968262e-01 2.085160166025161743e-01 -1.492527276277542114e-01 1.289694476872682571e-02 -8.175799250602722168e-01 4.783975481986999512e-01 6.532211601734161377e-02 -4.054575562477111816e-01
2.519202828407287598e-01 3.166176080703735352e-01 8.733966201543807983e-02 -2.199860066175460815e-01 1.723892688751220703e-01 1.353309452533721924e-01 -1.526212841272354126e-01 -4.251338839530944824e-01 -7.729948759078979492e-01 -8.387380838394165039e-01
6.543791294097900391e-01 -3.970193862915039062e-01 -6.834742426872253418e-01 -1.782128065824508667e-01 -7.486159205436706543e-01 -2.693571448326110840e-01 -5.094111710786819458e-02 3.766103386878967285e-01 -1.133134737610816956e-01 -3.768971562385559082e-01
9.611735492944717407e-02 2.443589717149734497e-01 -4.110667407512664795e-01 -3.834547996520996094e-01 -1.102685093879699707e+00 -1.296582370996475220e-01 4.726337194442749023e-01 1.559583991765975952e-01 -4.561778903007507324e-01 2.756333053112030029e-01
-1.699043214321136475e-01 2.174244970083236694e-01 -2.091555297374725342e-01 2.260306924581527710e-01 -1.557274311780929565e-01 4.075239896774291992e-01 3.655356764793395996e-01 -2.619871199131011963e-01 5.573665723204612732e-03 -6.254772543907165527e-01
2.157650142908096313e-01 -5.319477319717407227e-01 -4.848887026309967041e-01 3.748503625392913818e-01 1.568941175937652588e-01 2.007430642843246460e-01 -5.509269982576370239e-02 2.772056460380554199e-01 -2.899911999702453613e-01 8.107801526784896851e-02
-7.223067283630371094e-01 5.040312409400939941e-01 6.461959481239318848e-01 -3.546490520238876343e-02 -8.044260740280151367e-01 4.370988607406616211e-01 -4.802783429622650146e-01 3.544365167617797852e-01 -2.499670535326004028e-01 -1.422567367553710938e-01
-2.383245229721069336e-01 -3.934063911437988281e-01 2.522691786289215088e-01 2.876684665679931641e-01 -1.638621278107166290e-02 -2.658540010452270508e-02 -7.242467254400253296e-02 -3.284682631492614746e-01 2.319582402706146240e-01 3.006840348243713379e-01
2.765848934650421143e-01 -4.839199185371398926e-01 -3.529982566833496094e-01 -3.647143244743347168e-01 -9.141644090414047241e-02 5.071433782577514648e-01 5.315707325935363770e-01 8.480142802000045776e-02 2.710520029067993164e-01 -6.600949168205261230e-01
-1.889821141958236694e-01 -1.719270944595336914e-01 1.072191894054412842e-01 4.154243469238281250e-01 -2.423962354660034180e-01 -2.928282618522644043e-01 -5.292139053344726562e-01 4.274916350841522217e-01 -3.789497613906860352e-01 4.952749609947204590e-01
-9.112187027931213379e-01 -4.451623558998107910e-02 -8.052020668983459473e-01 5.736048817634582520e-01 2.743880748748779297e-01 -2.110437303781509399e-02 -8.179094195365905762e-01 9.679073840379714966e-02 -1.293507218360900879e-01 4.543944895267486572e-01
-2.092798054218292236e-01 -5.112143158912658691e-01 1.220157220959663391e-01 -1.141056895256042480e+00 -1.890994012355804443e-01 1.719672381877899170e-01 5.855872631072998047e-01 2.760635018348693848e-01 -1.069295167922973633e+00 9.496408700942993164e-02
2.202448099851608276e-01 -4.878015518188476562e-01 5.712778568267822266e-01 4.319440200924873352e-02 -4.329579770565032959e-01 4.501969367265701294e-02 -3.808212578296661377e-01 3.782260417938232422e-01 -2.904934287071228027e-01 4.141961336135864258e-01
-1.598816663026809692e-01 3.626355156302452087e-02 3.052602708339691162e-01 3.653817772865295410e-01 4.696763306856155396e-02 4.574570953845977783e-01 -1.627336740493774414e-01 -5.626164674758911133e-01 -2.214033156633377075e-03 -5.238786339759826660e-01
4.463570117950439453e-01 -6.119036674499511719e-02 -7.731958031654357910e-01 -7.092153429985046387e-01 1.264570802450180054e-01 9.075550436973571777e-01 -4.453801810741424561e-01 -4.602804780006408691e-01 -1.034632325172424316e+00 3.691533207893371582e-01
1.777010113000869751e-01 2.008195221424102783e-01 -2.104553431272506714e-01 1.838221997022628784e-01 -3.740591108798980713e-01 -4.250969588756561279e-01 2.378015816211700439e-01 -4.518165439367294312e-02 1.965786218643188477e-01 -3.808276355266571045e-01
-4.617717564105987549e-01 4.935827255249023438e-01 4.422444477677345276e-02 3.725689649581909180e-02 4.466271772980690002e-02 7.348129898309707642e-02 -4.902637004852294922e-01 -2.303366065025329590e-01 2.836585640907287598e-01 2.631273865699768066e-01
3.922824859619140625e-01 4.252447932958602905e-02 1.568366438150405884e-01 -2.857238054275512695e-01 1.935564796440303326e-03 -1.131531953811645508e+00 6.711539626121520996e-02 -2.063313871622085571e-01 -4.476625323295593262e-01 -3.310930430889129639e-01
2.482085227966308594e-01 2.318680286407470703e-01 2.645350992679595947e-01 -1.833941489458084106e-01 -4.709088206291198730e-01 -5.214366316795349121e-02 -1.577421128749847412e-01 2.559137046337127686e-01 2.936890907585620880e-02 3.234856724739074707e-01
-4.009981453418731689e-02 -5.930408835411071777e-01 2.066989243030548096e-01 -9.176523685455322266e-01 -3.300514519214630127e-01 2.615113928914070129e-02 2.653752863407135010e-01 1.697461754083633423e-01 -1.422449797391891479e-01 1.488661114126443863e-02
3.337563276290893555e-01 1.536823809146881104e-01 1.366024911403656006e-01 1.143974959850311279e-01 1.788087561726570129e-02 -1.159917116165161133e+00 1.706483066082000732e-01 -8.962889909744262695e-01 -5.141864418983459473e-01 4.749531298875808716e-02
-2.414474040269851685e-01 5.775633454322814941e-01 -5.729518532752990723e-01 1.107677444815635681e-01 -6.737129092216491699e-01 1.045753598213195801e+00 -9.907813370227813721e-02 -5.461056232452392578e-01 -5.175129771232604980e-01 -6.677467226982116699e-01
-2.485941350460052490e-01 4.049666523933410645e-01 1.813399344682693481e-01 -3.510979190468788147e-02 3.008009791374206543e-01 -3.836947493255138397e-03 -2.991747260093688965e-01 -5.074323415756225586e-01 7.224514484405517578e-01 -3.650141358375549316e-01
1.258424520492553711e-01 -8.459544777870178223e-01 4.611320197582244873e-01 -4.012624025344848633e-01 -7.587953209877014160e-01 7.000575065612792969e-01 2.945592701435089111e-01 -4.517284631729125977e-01 -6.511374115943908691e-01 -2.802997231483459473e-01
-3.159483969211578369e-01 -4.659449458122253418e-01 -5.596194267272949219e-01 7.684559226036071777e-01 -1.229133233428001404e-01 -3.996611759066581726e-02 -2.962200045585632324e-01 4.301410615444183350e-01 -9.226807951927185059e-02 -3.703345358371734619e-01
-1.674659699201583862e-01 -3.544954657554626465e-01 -5.571719408035278320e-01 -6.019517183303833008e-01 5.677801556885242462e-03 5.463658273220062256e-02 3.486403524875640869e-01 2.468345016241073608e-01 2.255735248327255249e-01 8.691722154617309570e-02
-2.053301036357879639e-02 2.130437344312667847e-01 1.560421474277973175e-02 4.757486879825592041e-01 -3.866965174674987793e-01 9.816910028457641602e-01 -3.107307553291320801e-01 -5.971766114234924316e-01 3.160396814346313477e-01 -6.961457133293151855e-01
-2.104751169681549072e-01 -1.436571180820465088e-01 -7.482340931892395020e-01 2.692992389202117920e-01 1.659509837627410889e-01 3.782886862754821777e-01 6.449291706085205078e-01 -3.673090040683746338e-01 -5.753310918807983398e-01 4.656722843647003174e-01
4.135794043540954590e-01 -1.677600443363189697e-01 -5.482528805732727051e-01 -3.621758222579956055e-01 -7.426101565361022949e-01 -4.868980646133422852e-01 -3.681607842445373535e-01 1.860571056604385376e-01 1.488540321588516235e-01 5.158774852752685547e-01
1.207367852330207825e-01 -2.788151204586029053e-01 -6.379318237304687500e-01 4.739140570163726807e-01 1.396437585353851318e-01 1.906305104494094849e-01 -3.206261098384857178e-01 -3.979848623275756836e-01 4.666344262659549713e-03 4.049740135669708252e-01
2.892600893974304199e-01 -5.424360036849975586e-01 -3.914875686168670654e-01 -3.324061334133148193e-01 -5.948849916458129883e-01 -3.073488175868988037e-01 4.874180555343627930e-01 1.962338835000991821e-01 -2.605608478188514709e-02 1.480089873075485229e-01
4.647513851523399353e-02 -3.171804361045360565e-03 8.532480150461196899e-02 1.661341637372970581e-01 2.329007536172866821e-01 -1.418407678604125977e+00 5.052012205123901367e-02 -3.082871139049530029e-01 1.664739549160003662e-01 -5.740787386894226074e-01
-1.953991651535034180e-01 -1.495778560638427734e-03 3.636263906955718994e-01 1.671517789363861084e-01 1.414644867181777954e-01 -5.957152843475341797e-01 1.211253032088279724e-01 6.435342431068420410e-01 -7.550253868103027344e-01 -9.087779521942138672e-01
-1.200346946716308594e-01 6.476696729660034180e-01 -1.286625713109970093e-01 -4.546908438205718994e-01 4.657475352287292480e-01 2.917135953903198242e-01 -2.276214063167572021e-01 -4.326622784137725830e-01 -3.627878725528717041e-01 3.938752412796020508e-01
1.295523438602685928e-02 3.709847033023834229e-01 -4.176657795906066895e-01 -1.249967142939567566e-01 -8.418007493019104004e-01 5.044668316841125488e-01 5.144100785255432129e-01 -4.361724853515625000e-01 -8.031182289123535156e-01 -3.798704147338867188e-01
2.152677476406097412e-01 -3.643551766872406006e-01 3.405910134315490723e-01 -3.474176526069641113e-01 -1.272013932466506958e-01 -2.701964378356933594e-01 -3.265867531299591064e-01 3.198252245783805847e-02 5.584323033690452576e-02 2.263521850109100342e-01
5.269608274102210999e-02 -5.353539586067199707e-01 -1.473090052604675293e-01 -1.517277806997299194e-01 1.827366501092910767e-01 -2.782885134220123291e-01 1.111674159765243530e-01 -1.705470085144042969e-01 -4.668917953968048096e-01 4.043695330619812012e-01
-1.136419996619224548e-01 -2.579340934753417969e-01 -2.732077054679393768e-02 3.431243002414703369e-01 -5.986349582672119141e-01 2.669996023178100586e-01 1.067542284727096558e-01 -4.913354516029357910e-01 -2.523825764656066895e-01 2.627502977848052979e-01
2.491226047277450562e-01 -1.512378305196762085e-01 3.864713907241821289e-01 -9.790732711553573608e-02 3.249055147171020508e-01 -2.485693544149398804e-01 -3.159200251102447510e-01 7.584416121244430542e-02 4.565432369709014893e-01 -3.672900497913360596e-01
2.589944601058959961e-01 1.290842541493475437e-03 2.916630506515502930e-01 1.215844750404357910e-01 3.058739006519317627e-01 -5.297537446022033691e-01 -3.020847439765930176e-01 -2.085901498794555664e-01 -1.776989698410034180e-01 1.704324930906295776e-01
-2.615252435207366943e-01 -4.654472768306732178e-01 -7.767970114946365356e-02 3.573861420154571533e-01 3.363394737243652344e-01 9.089086949825286865e-02 -5.856250524520874023e-01 2.482270300388336182e-01 4.366100430488586426e-01 -3.134024441242218018e-01
3.079783171415328979e-02 3.188177570700645447e-02 1.529130935668945312e-01 3.060081899166107178e-01 2.981167137622833252e-01 -1.047010421752929688e+00 1.570460796356201172e-01 -6.856238842010498047e-01 -4.874070882797241211e-01 -4.302474260330200195e-01
1.540632992982864380e-01 -6.424652338027954102e-01 3.245050907135009766e-01 1.993474066257476807e-01 -2.326650768518447876e-01 2.311361283063888550e-01 4.862892907112836838e-03 3.219776153564453125e-01 -4.585620164871215820e-01 -5.109370350837707520e-01
2.861811518669128418e-01 -1.574008315801620483e-01 1.965400427579879761e-01 3.747164309024810791e-01 -6.202884912490844727e-01 -8.442105352878570557e-02 1.257735341787338257e-01 4.195757508277893066e-01 -7.302005290985107422e-01 -2.651470005512237549e-01
-3.291508182883262634e-04 2.530188262462615967e-01 2.103997766971588135e-01 2.642653882503509521e-01 1.810513883829116821e-01 -1.031018853187561035e+00 1.411058846861124039e-02 -8.656790852546691895e-01 3.426691293716430664e-01 -7.595351338386535645e-02
6.212366819381713867e-01 -8.291979432106018066e-01 -6.735914945602416992e-02 -4.226436913013458252e-01 -6.110440492630004883e-01 6.739065051078796387e-01 4.495358765125274658e-01 -2.915469110012054443e-01 4.797717928886413574e-02 -2.986481785774230957e-01
1.279964447021484375e-01 -3.827713429927825928e-01 2.899470627307891846e-01 1.447167247533798218e-01 -5.044103041291236877e-02 1.244698613882064819e-01 2.821718454360961914e-01 -9.689656496047973633e-01 1.582513600587844849e-01 -5.179924964904785156e-01
-5.705451369285583496e-01 4.385719895362854004e-01 -8.613445758819580078e-01 6.140783429145812988e-01 2.068254649639129639e-01 1.087041378021240234e+00 -9.344459176063537598e-01 -1.152635216712951660e+00 9.439818561077117920e-02 -6.323832273483276367e-01
5.586570873856544495e-02 9.058130383491516113e-01 -6.670550107955932617e-01 -3.037720322608947754e-01 -3.711771368980407715e-01 -2.026869207620620728e-01 -2.189663350582122803e-01 4.586377367377281189e-02 3.557610213756561279e-01 1.762706339359283447e-01
-3.333772122859954834e-01 3.603743016719818115e-01 -2.965488135814666748e-01 2.958524227142333984e-01 2.706623375415802002e-01 -2.639719247817993164e-01 -1.370866149663925171e-01 2.932980656623840332e-01 -6.494337320327758789e-01 -3.651911616325378418e-01
1.057725697755813599e-01 -8.070040941238403320e-01 -1.693248152732849121e-01 2.419011443853378296e-01 2.736798524856567383e-01 5.785025954246520996e-01 -8.289220929145812988e-02 -2.545090615749359131e-01 9.861406683921813965e-02 -7.431650161743164062e-01
-7.010941952466964722e-02 1.387763321399688721e-01 -3.083371520042419434e-01 4.336265027523040771e-01 -7.361304163932800293e-01 8.743749856948852539e-01 3.155474364757537842e-01 -7.235388159751892090e-01 -3.070414438843727112e-02 -6.433997750282287598e-01
3.267072737216949463e-01 -1.330564767122268677e-01 2.290716618299484253e-01 -2.837716341018676758e-01 1.084531545639038086e-01 4.106066823005676270e-01 2.730053961277008057e-01 -2.804972231388092041e-01 -2.921379804611206055e-01 -6.327981352806091309e-01
-6.411192566156387329e-02 -4.512726664543151855e-01 -4.842852056026458740e-01 -8.026884794235229492e-01 3.506197631359100342e-01 5.647950172424316406e-01 2.874291539192199707e-01 -2.006169557571411133e-01 4.747560322284698486e-01 -4.192785322666168213e-01
1.021756008267402649e-01 2.423454374074935913e-01 -5.851194262504577637e-02 -6.618880666792392731e-03 -4.940893352031707764e-01 -3.462311625480651855e-01 4.530092477798461914e-01 3.031357526779174805e-01 -2.461155652999877930e-01 -1.848192214965820312e-01
-2.026308774948120117e-01 1.879098415374755859e-01 3.157987892627716064e-01 -3.735179007053375244e-01 -1.685335934162139893e-01 4.676369130611419678e-01 2.738981246948242188e-01 -4.996241033077239990e-01 2.692549526691436768e-01 -7.115358710289001465e-01
4.754151403903961182e-01 9.630338847637176514e-02 -4.231166839599609375e-01 -1.776979267597198486e-01 -8.514462113380432129e-01 1.175935268402099609e+00 -7.195764034986495972e-02 -6.073640286922454834e-02 -1.655642837285995483e-01 -1.131875634193420410e+00
-9.189756959676742554e-02 -1.027169823646545410e-01 5.648315697908401489e-02 5.222845450043678284e-02 -8.775758743286132812e-02 -6.951631307601928711e-01 -3.247675001621246338e-01 -3.466553092002868652e-01 4.719573259353637695e-01 6.112018972635269165e-02
4.483026862144470215e-01 1.412963569164276123e-01 -8.820250630378723145e-01 -6.772348880767822266e-01 -1.925313472747802734e-01 -3.873807191848754883e-01 1.100533548742532730e-02 4.945484697818756104e-01 -1.014219745993614197e-01 -4.471493363380432129e-01
-5.105929374694824219e-01 8.454990983009338379e-01 -3.082976937294006348e-01 -7.379668951034545898e-01 -2.954403162002563477e-01 6.093147993087768555e-01 -3.392475247383117676e-01 -5.736203193664550781e-01 -9.167854785919189453e-01 6.519388556480407715e-01
5.107705667614936829e-02 -6.550150513648986816e-01 1.399707645177841187e-01 -5.918669700622558594e-01 7.092701643705368042e-02 6.719291806221008301e-01 3.321987688541412354e-01 -7.278230190277099609e-01 -8.698709011077880859e-01 -2.808886170387268066e-01
2.850393354892730713e-01 -1.687781885266304016e-03 -1.020357459783554077e-01 8.535495400428771973e-02 2.906800210475921631e-01 -3.053555190563201904e-01 -1.645602732896804810e-01 -3.909598886966705322e-01 -5.099778175354003906e-01 2.664433419704437256e-01
-2.622544765472412109e-01 -1.954680085182189941e-01 -2.143509835004806519e-01 2.057605981826782227e-01 -6.020181775093078613e-01 1.346374601125717163e-01 1.396429985761642456e-01 1.988067179918289185e-01 3.818862438201904297e-01 1.387670487165451050e-01
2.399222850799560547e-01 -7.216379512101411819e-03 2.530164420604705811e-01 -4.527036547660827637e-01 2.158663719892501831e-01 -5.336639881134033203e-01 2.098733186721801758e-01 2.503135800361633301e-01 2.217399924993515015e-01 2.166206240653991699e-01
